6068
14192
7582
1843
6482
819
9635
7160
3943
3188
4777
416
10276
5050
5924
2001
1332
9189
17129
17335
5658
3107
3835
3282
8404
1719
8832
5243
16339
11999
16438
17560
15084
2617
1184
1236
10550
7511
10820
4656
14135
13629
8512
14869
3817
3469
9991
14527
11606
9472
3315
12918
14855
6398
12843
4306
10880
8840
13673
1700
15107
15973
7757
10832
2422
5621
16997
12911
8881
4752
4698
3798
7779
16377
4640
10230
14618
13582
15391
11674
570
16825
13439
1395
14109
7517
6450
11751
14642
17723
14119
12471
3446
14725
295
2897
16286
8682
4805
5963
550
14918
11132
4109
17321
16969
9309
14538
11152
5899
12149
13318
3624
15657
17169
1561
8327
3626
11701
16832
12071
1770
10607
17589
14916
6978
8745
15105
4315
16954
5318
7745
14671
15205
9756
9759
14367
14513
8743
3610
12435
1571
13412
7617
7173
17163
17100
16740
4956
3205
6206
16303
1428
9882
11323
7998
9768
2961
14312
15393
1070
17062
13255
12430
3611
11771
14664
5054
1703
2122
1145
2457
3274
9051
9170
16765
78
13433
10830
17146
8413
17248
13046
10209
2690
6961
6240
14459
7590
8131
9049
16242
1759
12047
5571
15345
1073
2698
6631
5137
13923
14313
12355
16912
17764
14050
2992
15309
2400
12052
3617
13388
7243
6552
14571
7624
3860
1367
8677
3217
2851
4356
14124
11388
13501
3825
3689
11022
17714
14185
7193
3579
79
15450
14507
788
9614
2558
5862
330
7786
17023
13486
5423
13384
5430
2252
12014
11812
9061
3254
16872
14296
13955
5472
6291
313
7586
558
2675
6044
10894
8890
7879
16879
16698
15887
15373
5695
11401
1693
4883
851
4043
6099
15997
6428
4127
406
15473
17563
8264
4345
10027
7067
11573
11745
1549
11607
7233
14382
3113
7070
11047
8977
6134
12690
10560
16016
4402
2376
12224
10734
15922
17149
17479
148
6642
11301
2780
15957
10139
4652
11935
5917
16143
197
8809
7713
16082
16203
12894
2862
4633
11173
2395
9863
5358
12668
4355
8851
13860
10730
10729
1865
9800
14250
12074
13404
11904
8045
10739
7032
13100
12661
3713
10704
9235
3106
13128
15057
4260
4364
3893
996
6268
6085
1174
13273
7234
6666
14691
17508
15815
15563
758
10935
11337
3058
7588
11544
14858
5145
15381
14606
8099
13865
15674
483
9827
4488
7899
2342
17158
7643
659
7442
473
16041
7910
8016
10123
13795
9681
4288
118
12130
11702
2037
1902
7356
8376
15853
5434
12172
16596
2360
15151
12682
14439
16236
16499
4670
12732
16241
11242
16605
16882
405
1810
16930
3138
2136
2153
5345
6166
11490
17424
8627
9298
6556
15078
13593
15425
11064
9188
4833
14364
11677
7381
12501
16788
9160
13930
6133
241
13007
6235
7642
1068
8429
8585
16415
2009
14403
2200
16668
677
15844
10921
13417
6797
1470
12140
7270
13251
12338
273
6042
13959
15257
6219
11182
15540
8232
11279
12694
10886
1518
3905
8651
6386
11443
299
15945
8980
3225
13359
15597
15233
6030
17154
12727
16169
3463
8159
7509
11165
1202
3379
10368
12546
1558
10466
14670
13219
12975
2456
9518
6382
17299
13651
6974
2371
6003
6464
686
13567
11283
2800
10162
14970
14215
12299
5926
963
15110
15063
6708
2783
9432
10620
16262
564
10627
5946
4867
1305
13580
13248
1148
4781
11713
3680
14137
17692
12054
4847
7875
15124
6329
8846
11929
7145
8317
6972
607
311
11171
11696
9426
16452
1595
8333
9442
11941
4932
10673
13728
7987
16465
13058
7240
17088
12672
7364
1754
11638
10491
15755
15686
9889
17064
14928
12034
16604
15394
10424
12741
10828
11314
15037
4472
13823
3879
5939
9265
4972
6014
13636
3638
9625
10785
13471
8393
2192
8782
17412
3378
12309
1983
3085
7399
4341
4931
3864
6231
4829
9788
17441
2965
11427
1893
6833
2095
15816
14660
5287
10212
10421
3161
15496
12015
17482
6350
1180
14410
8295
4906
12904
6615
14755
5191
15443
14210
1798
1963
7155
2848
3936
12513
1138
9254
11421
10282
12293
16721
7281
11077
9505
7513
7635
442
9702
5462
11781
9231
3917
9381
9042
12399
17526
17157
17308
5401
12497
12493
11613
11687
14856
6223
17346
11198
357
4887
1542
13705
6742
14646
8818
16181
5084
1144
6989
10126
3526
15156
8448
15163
17324
13052
11468
11398
2348
11612
11090
9591
8049
1399
10986
2139
424
6274
5293
13512
17671
571
2782
10225
5058
6117
13614
457
15870
6720
14454
17622
482
2000
6994
2372
14780
6352
6024
3165
9728
14862
12161
7055
12675
15129
12155
9528
13409
1176
14259
2112
9645
10809
2801
15818
10436
11284
12785
12470
12473
12090
7343
6255
14218
14203
175
1905
9294
6475
17387
9818
6771
17302
1466
11149
17004
15472
15429
1406
10275
12494
15209
4418
5775
4148
4590
3466
3684
13073
4262
3151
6651
1585
11969
7627
17533
9741
17188
17339
8467
1943
12748
3753
705
4733
16390
15956
10042
14209
16643
17031
9330
12926
15137
10947
10375
12800
14149
7331
8666
13107
3333
937
10928
1394
14776
3198
5226
4171
17292
7424
10078
5239
6692
4330
14407
9565
5112
12232
15807
2391
14999
12966
8883
2594
4831
13763
11199
10662
12221
7208
13102
4266
14890
8989
11804
16707
6545
3368
8334
16640
4661
4683
6510
3900
1962
3824
8803
10359
10378
11681
10236
2554
6445
5363
16948
10625
5704
872
1709
6861
4123
15582
17330
11385
4248
3434
16384
14759
3427
289
9593
6736
15200
471
14274
14909
3546
11186
9485
11211
8904
9242
1975
10337
12489
1743
12092
11378
8813
11030
6687
12171
13082
9913
15786
10774
16128
2152
312
2163
4141
2173
3782
9641
14335
11013
3756
13488
3948
17293
1744
143
13081
12500
6739
14545
4392
14889
2465
4506
15952
9613
10186
17558
15894
7885
16357
15700
8357
5991
10170
5448
11209
10168
12160
7701
11903
10808
2922
11829
9111
3966
982
2470
4225
8837
5085
13302
1260
10546
11166
16008
9617
16901
14504
30
15002
15702
14574
331
12186
17627
9481
11227
14644
17181
7163
10970
14039
14667
7937
4227
2528
15421
6886
10358
708
1832
14953
12940
11526
5522
14744
5020
7600
1220
5656
7125
8181
5814
15339
199
5140
7828
6844
10835
11779
13707
10372
13074
16325
886
15064
5154
14280
2734
17621
17426
12899
16516
5854
2874
15919
5787
8379
631
13981
15465
14978
6931
6971
14531
5845
17762
15062
1102
12838
10344
17355
9960
2913
9828
17431
13056
12343
13391
6347
551
12818
10392
5561
9340
3875
10582
1708
11888
10951
1307
12870
2015
14421
5317
8784
17187
15366
2189
8552
8117
14822
14355
11663
17216
12582
16052
15671
6287
3715
13887
16793
8370
17319
5788
9458
16139
12317
8277
3593
16306
11683
8764
17215
9120
8644
16792
7397
16223
9124
10429
11192
15436
5762
8808
16471
4284
15385
658
16285
6221
16113
16735
5477
12173
4578
3920
14103
12238
15342
9598
17008
13195
4216
10838
16552
334
15058
15953
15471
16288
14601
10379
2103
16952
7521
10451
8350
3938
256
15758
10906
2647
14219
5169
12028
17383
4841
12072
4951
6661
329
7330
16118
8387
13050
15532
17703
12656
3148
3320
11485
10527
7904
6927
4753
14047
12570
16343
8204
14358
3742
8483
6449
13856
8609
9940
17405
15009
15788
7219
798
6196
10231
